0,397
0,396
0,395
0,394
33,3
33,2
0,393
33,1
33,0
26,52
26,51
26,50
26,49
26,48
26,47
26,46
26,45
26,44
26,43
26,42
26,41
26,40
26,39
26,38
26,37
26,36
26,35
0,392
0,391
0,390
32,5
0,389
0,388
32,4
32,3
32,2
32,1
32,0
0,387
0,386
0,385
31,4
31,3
31,2
31,1
31,0
0,384
0,278
0,319
0,318
30,3
30,2
30,1
30,0
29,3
29,2
29,1
29,0
0,317
0,316
28,4
28,3
28,2
0,283
0,243
28,1
28,0
27,3
27,2
0,9
27,1
27,0
3,2
3,1
3,3
10,105
10,239
10,119
10,121
10,35
10,17
10,2
10,3
11,5
11,9
11,7
11,25
11,15
9,7
9,2
9,3
8,10
